"","V1","V2","V3","V4","V5","V6","V7","V8","V9","V10","V11","V12","V13","V14","V15","V16","V17","V18","V19","V20","V21","V22","V23","V24","V25","V26","V27","V28","V29","V30","V31","V32","V33","V34","V35","V36","V37","V38","V39","V40","V41","V42","V43","V44","V45","V46","V47","V48","V49","V50","V51","V52","V53","V54","V55","V56","V57","V58","V59","V60","V61","V62","V63","V64","V65","V66","V67","V68","V69","V70","V71","V72","V73"
"1",1,0.977922077922078,0.967532467532468,0.950649350649351,0.779220779220779,0.00649350649350649,-0.00649350649350649,0.397402597402597,-0.107792207792208,-0.188311688311688,-0.128571428571429,0.0480519480519481,0.642857142857143,0.0818181818181818,0.0948051948051948,0.18961038961039,0.192207792207792,0.348051948051948,0.649350649350649,0.0922077922077922,0.12987012987013,0.685714285714286,0.0857142857142857,0.205194805194805,0.194805194805195,0.0415584415584416,0.0402597402597403,0.0974025974025974,0.585714285714286,0.620779220779221,-0.103896103896104,-0.0181818181818182,0.0025974025974026,0.0272727272727273,0.0337662337662338,0.362337662337662,0.542857142857143,-0.0246753246753247,0.0311688311688312,0.1,0.642857142857143,0.676623376623377,0.209090909090909,0.425974025974026,0.594805194805195,0.0675324675324675,0.0701298701298701,0.125974025974026,0.0324675324675325,0.0467532467532468,0.0441558441558442,0.0831168831168831,0.42987012987013,0.102597402597403,0.0896103896103896,-0.00909090909090909,-0.0181818181818182,-0.0103896103896104,0.0584415584415584,0.0376623376623377,0.466233766233766,-0.190909090909091,-0.115584415584416,-0.0207792207792208,0.0337662337662338,-0.0142857142857143,0.0142857142857143,0.0454545454545455,0.0688311688311688,-0.00649350649350649,-0.0142857142857143,0.0532467532467532,-0.0103896103896104
"2",0.977922077922078,1,0.992207792207792,0.981818181818182,0.77012987012987,0.0597402597402597,0.0571428571428571,0.424675324675325,-0.087012987012987,-0.171428571428571,-0.132467532467532,0.107792207792208,0.666233766233766,0.109090909090909,0.131168831168831,0.222077922077922,0.218181818181818,0.380519480519481,0.651948051948052,0.118181818181818,0.149350649350649,0.67012987012987,0.115584415584416,0.250649350649351,0.235064935064935,0.0766233766233766,0.0766233766233766,0.12987012987013,0.568831168831169,0.596103896103896,-0.0766233766233766,0.012987012987013,0.0376623376623377,0.0675324675324675,0.0675324675324675,0.379220779220779,0.538961038961039,-0.0012987012987013,0.0571428571428571,0.145454545454545,0.62987012987013,0.666233766233766,0.222077922077922,0.445454545454545,0.587012987012987,0.0623376623376623,0.0636363636363636,0.145454545454545,0.0623376623376623,0.0831168831168831,0.0766233766233766,0.109090909090909,0.44025974025974,0.0818181818181818,0.087012987012987,0.0168831168831169,0.0207792207792208,0.0285714285714286,0.0896103896103896,0.061038961038961,0.481818181818182,-0.133766233766234,-0.118181818181818,-0.0038961038961039,-0.0025974025974026,-0.0012987012987013,0.00909090909090909,0.0298701298701299,0.0467532467532468,-0.0857142857142857,-0.0857142857142857,-0.0285714285714286,-0.0753246753246753
"3",0.967532467532468,0.992207792207792,1,0.983116883116883,0.763636363636364,0.0909090909090909,0.0857142857142857,0.449350649350649,-0.087012987012987,-0.157142857142857,-0.118181818181818,0.142857142857143,0.662337662337662,0.141558441558442,0.166233766233766,0.241558441558442,0.232467532467532,0.393506493506494,0.662337662337662,0.146753246753247,0.163636363636364,0.680519480519481,0.148051948051948,0.271428571428571,0.245454545454545,0.0831168831168831,0.0948051948051948,0.154545454545455,0.587012987012987,0.612987012987013,-0.074025974025974,0.0181818181818182,0.0584415584415584,0.0896103896103896,0.0909090909090909,0.390909090909091,0.563636363636364,0.0142857142857143,0.0831168831168831,0.177922077922078,0.653246753246753,0.687012987012987,0.251948051948052,0.475324675324675,0.602597402597403,0.0922077922077922,0.103896103896104,0.18961038961039,0.0792207792207792,0.105194805194805,0.0987012987012987,0.125974025974026,0.455844155844156,0.116883116883117,0.133766233766234,0.0233766233766234,0.0324675324675325,0.0454545454545455,0.114285714285714,0.0818181818181818,0.5,-0.0935064935064935,-0.0766233766233766,0.0376623376623377,0.038961038961039,0.0480519480519481,0.0493506493506493,0.0792207792207792,0.0922077922077922,-0.0376623376623377,-0.0337662337662338,0.0207792207792208,-0.0168831168831169
"4",0.950649350649351,0.981818181818182,0.983116883116883,1,0.767532467532468,0.0779220779220779,0.0831168831168831,0.396103896103896,-0.0909090909090909,-0.154545454545455,-0.118181818181818,0.15974025974026,0.623376623376623,0.155844155844156,0.177922077922078,0.233766233766234,0.212987012987013,0.362337662337662,0.609090909090909,0.153246753246753,0.168831168831169,0.625974025974026,0.153246753246753,0.262337662337662,0.241558441558442,0.119480519480519,0.123376623376623,0.153246753246753,0.511688311688312,0.550649350649351,-0.0480519480519481,0.0467532467532468,0.0844155844155844,0.118181818181818,0.115584415584416,0.358441558441558,0.492207792207792,0.0441558441558442,0.102597402597403,0.184415584415584,0.602597402597403,0.644155844155844,0.246753246753247,0.419480519480519,0.568831168831169,0.0350649350649351,0.0415584415584416,0.162337662337662,0.0974025974025974,0.122077922077922,0.118181818181818,0.144155844155844,0.453246753246753,0.0584415584415584,0.0974025974025974,0.0441558441558442,0.0558441558441558,0.0701298701298701,0.135064935064935,0.0909090909090909,0.450649350649351,-0.115584415584416,-0.0792207792207792,0.0324675324675325,0.0155844155844156,0.0311688311688312,0.0363636363636364,0.0623376623376623,0.0727272727272727,-0.115584415584416,-0.11038961038961,-0.0649350649350649,-0.0974025974025974
"5",0.779220779220779,0.77012987012987,0.763636363636364,0.767532467532468,1,0.146753246753247,0.158441558441558,0.435064935064935,0.0922077922077922,0.0233766233766234,0.0688311688311688,0.161038961038961,0.52987012987013,0.211688311688312,0.188311688311688,0.246753246753247,0.284415584415584,0.32987012987013,0.522077922077922,0.161038961038961,0.135064935064935,0.546753246753247,0.209090909090909,0.257142857142857,0.276623376623377,0.258441558441558,0.218181818181818,0.145454545454545,0.450649350649351,0.571428571428571,0.154545454545455,0.194805194805195,0.209090909090909,0.161038961038961,0.177922077922078,0.350649350649351,0.441558441558442,0.158441558441558,0.185714285714286,0.181818181818182,0.406493506493507,0.448051948051948,0.34025974025974,0.333766233766234,0.371428571428571,0.442857142857143,0.411688311688312,0.455844155844156,0.272727272727273,0.248051948051948,0.237662337662338,0.249350649350649,0.546753246753247,0.423376623376623,0.436363636363636,0.262337662337662,0.251948051948052,0.232467532467532,0.242857142857143,0.242857142857143,0.27012987012987,0.123376623376623,0.0441558441558442,0.155844155844156,0.157142857142857,0.206493506493507,0.148051948051948,0.219480519480519,0.241558441558442,-0.119480519480519,-0.142857142857143,-0.116883116883117,-0.163636363636364
"6",0.00649350649350649,0.0597402597402597,0.0909090909090909,0.0779220779220779,0.146753246753247,1,0.955844155844156,0.772727272727273,0.851948051948052,0.894805194805195,0.855844155844156,0.815584415584416,0.479220779220779,0.77012987012987,0.793506493506493,0.783116883116883,0.792207792207792,0.71038961038961,0.435064935064935,0.749350649350649,0.653246753246753,0.406493506493507,0.750649350649351,0.764935064935065,0.780519480519481,0.780519480519481,0.785714285714286,0.728571428571429,0.411688311688312,0.403896103896104,0.812987012987013,0.797402597402597,0.790909090909091,0.794805194805195,0.772727272727273,0.650649350649351,0.414285714285714,0.780519480519481,0.754545454545455,0.794805194805195,0.368831168831169,0.392207792207792,0.620779220779221,0.45974025974026,0.398701298701299,0.172727272727273,0.237662337662338,0.205194805194805,0.771428571428571,0.781818181818182,0.763636363636364,0.744155844155844,-0.0324675324675325,0.24025974025974,0.251948051948052,0.768831168831169,0.766233766233766,0.772727272727273,0.754545454545455,0.771428571428571,0.318181818181818,0.306493506493506,0.161038961038961,0.141558441558442,0.0714285714285714,0.338961038961039,0.1,0.205194805194805,0.167532467532468,-0.0272727272727273,-0.0246753246753247,-0.087012987012987,0.0025974025974026
"7",-0.00649350649350649,0.0571428571428571,0.0857142857142857,0.0831168831168831,0.158441558441558,0.955844155844156,1,0.797402597402597,0.871428571428571,0.902597402597403,0.879220779220779,0.919480519480519,0.52987012987013,0.894805194805195,0.901298701298701,0.868831168831169,0.846753246753247,0.732467532467532,0.485714285714286,0.88051948051948,0.780519480519481,0.435064935064935,0.87012987012987,0.861038961038961,0.867532467532467,0.861038961038961,0.868831168831169,0.862337662337662,0.416883116883117,0.396103896103896,0.85974025974026,0.877922077922078,0.88961038961039,0.897402597402597,0.888311688311688,0.714285714285714,0.425974025974026,0.87012987012987,0.874025974025974,0.909090909090909,0.383116883116883,0.418181818181818,0.597402597402597,0.454545454545455,0.425974025974026,0.14025974025974,0.218181818181818,0.197402597402597,0.851948051948052,0.867532467532467,0.862337662337662,0.866233766233766,-0.0350649350649351,0.224675324675325,0.249350649350649,0.827272727272727,0.836363636363636,0.846753246753247,0.848051948051948,0.858441558441558,0.362337662337662,0.394805194805195,0.264935064935065,0.222077922077922,0.166233766233766,0.435064935064935,0.187012987012987,0.306493506493506,0.271428571428571,-0.0025974025974026,-0.00519480519480519,-0.0597402597402597,0.012987012987013
"8",0.397402597402597,0.424675324675325,0.449350649350649,0.396103896103896,0.435064935064935,0.772727272727273,0.797402597402597,1,0.693506493506494,0.683116883116883,0.694805194805195,0.702597402597403,0.848051948051948,0.718181818181818,0.77012987012987,0.898701298701299,0.922077922077922,0.898701298701299,0.806493506493506,0.746753246753247,0.728571428571429,0.762337662337662,0.78961038961039,0.9,0.909090909090909,0.694805194805195,0.71038961038961,0.794805194805195,0.757142857142857,0.745454545454545,0.651948051948052,0.685714285714286,0.696103896103896,0.706493506493507,0.727272727272727,0.894805194805195,0.763636363636364,0.65974025974026,0.719480519480519,0.805194805194805,0.687012987012987,0.693506493506494,0.642857142857143,0.638961038961039,0.666233766233766,0.164935064935065,0.222077922077922,0.232467532467532,0.753246753246753,0.772727272727273,0.766233766233766,0.766233766233766,0.106493506493506,0.264935064935065,0.292207792207792,0.693506493506494,0.702597402597403,0.706493506493507,0.75974025974026,0.775324675324675,0.563636363636364,0.327272727272727,0.174025974025974,0.207792207792208,0.17012987012987,0.338961038961039,0.161038961038961,0.284415584415584,0.25974025974026,0.0454545454545455,0.0246753246753247,0.0792207792207792,0.0727272727272727
"9",-0.107792207792208,-0.087012987012987,-0.087012987012987,-0.0909090909090909,0.0922077922077922,0.851948051948052,0.871428571428571,0.693506493506494,1,0.967532467532468,0.954545454545455,0.792207792207792,0.476623376623377,0.761038961038961,0.794805194805195,0.776623376623377,0.8,0.683116883116883,0.455844155844156,0.744155844155844,0.744155844155844,0.368831168831169,0.775324675324675,0.748051948051948,0.777922077922078,0.858441558441558,0.841558441558442,0.749350649350649,0.396103896103896,0.409090909090909,0.925974025974026,0.896103896103896,0.849350649350649,0.82987012987013,0.823376623376623,0.65974025974026,0.403896103896104,0.851948051948052,0.802597402597403,0.783116883116883,0.287012987012987,0.316883116883117,0.627272727272727,0.449350649350649,0.383116883116883,0.184415584415584,0.21038961038961,0.115584415584416,0.853246753246753,0.831168831168831,0.812987012987013,0.772727272727273,-0.0649350649350649,0.236363636363636,0.212987012987013,0.883116883116883,0.85974025974026,0.855844155844156,0.794805194805195,0.82987012987013,0.31038961038961,0.372727272727273,0.294805194805195,0.225974025974026,0.154545454545455,0.385714285714286,0.214285714285714,0.277922077922078,0.244155844155844,0.0714285714285714,0.0649350649350649,-0.0155844155844156,0.0285714285714286
"10",-0.188311688311688,-0.171428571428571,-0.157142857142857,-0.154545454545455,0.0233766233766234,0.894805194805195,0.902597402597403,0.683116883116883,0.967532467532468,1,0.976623376623377,0.790909090909091,0.390909090909091,0.781818181818182,0.809090909090909,0.783116883116883,0.801298701298701,0.650649350649351,0.37012987012987,0.768831168831169,0.718181818181818,0.296103896103896,0.785714285714286,0.744155844155844,0.772727272727273,0.831168831168831,0.828571428571429,0.748051948051948,0.327272727272727,0.338961038961039,0.909090909090909,0.877922077922078,0.849350649350649,0.832467532467532,0.825974025974026,0.625974025974026,0.338961038961039,0.851948051948052,0.816883116883117,0.792207792207792,0.237662337662338,0.255844155844156,0.612987012987013,0.398701298701299,0.320779220779221,0.192207792207792,0.24025974025974,0.185714285714286,0.855844155844156,0.841558441558442,0.825974025974026,0.788311688311688,-0.0805194805194805,0.262337662337662,0.283116883116883,0.866233766233766,0.854545454545454,0.855844155844156,0.815584415584416,0.845454545454545,0.25974025974026,0.422077922077922,0.316883116883117,0.254545454545455,0.209090909090909,0.448051948051948,0.225974025974026,0.336363636363636,0.294805194805195,0.0844155844155844,0.0883116883116883,0.0025974025974026,0.0428571428571429
"11",-0.128571428571429,-0.132467532467532,-0.118181818181818,-0.118181818181818,0.0688311688311688,0.855844155844156,0.879220779220779,0.694805194805195,0.954545454545455,0.976623376623377,1,0.812987012987013,0.411688311688312,0.814285714285714,0.842857142857143,0.8,0.802597402597403,0.657142857142857,0.392207792207792,0.798701298701299,0.749350649350649,0.336363636363636,0.820779220779221,0.767532467532468,0.78961038961039,0.87012987012987,0.867532467532467,0.777922077922078,0.353246753246753,0.374025974025974,0.916883116883117,0.905194805194805,0.883116883116883,0.85974025974026,0.855844155844156,0.642857142857143,0.37012987012987,0.888311688311688,0.850649350649351,0.81038961038961,0.281818181818182,0.309090909090909,0.638961038961039,0.409090909090909,0.355844155844156,0.14025974025974,0.196103896103896,0.145454545454545,0.88051948051948,0.863636363636364,0.855844155844156,0.823376623376623,-0.0688311688311688,0.209090909090909,0.233766233766234,0.884415584415584,0.864935064935065,0.875324675324675,0.846753246753247,0.868831168831169,0.288311688311688,0.346753246753247,0.275324675324675,0.18961038961039,0.2,0.402597402597403,0.174025974025974,0.323376623376623,0.292207792207792,0.0922077922077922,0.0987012987012987,0.0363636363636364,0.0298701298701299
"12",0.0480519480519481,0.107792207792208,0.142857142857143,0.15974025974026,0.161038961038961,0.815584415584416,0.919480519480519,0.702597402597403,0.792207792207792,0.790909090909091,0.812987012987013,1,0.514285714285714,0.961038961038961,0.966233766233766,0.850649350649351,0.768831168831169,0.680519480519481,0.497402597402597,0.931168831168831,0.854545454545454,0.453246753246753,0.927272727272727,0.858441558441558,0.828571428571429,0.914285714285714,0.936363636363636,0.91038961038961,0.409090909090909,0.403896103896104,0.848051948051948,0.91038961038961,0.946753246753247,0.966233766233766,0.961038961038961,0.697402597402597,0.437662337662338,0.92987012987013,0.941558441558442,0.950649350649351,0.42987012987013,0.493506493506494,0.61948051948052,0.480519480519481,0.490909090909091,0.0038961038961039,0.105194805194805,0.087012987012987,0.853246753246753,0.87012987012987,0.879220779220779,0.9,0.0012987012987013,0.0922077922077922,0.137662337662338,0.815584415584416,0.818181818181818,0.846753246753247,0.864935064935065,0.858441558441558,0.424675324675325,0.297402597402597,0.3,0.202597402597403,0.171428571428571,0.403896103896104,0.206493506493507,0.312987012987013,0.287012987012987,0.0701298701298701,0.0636363636363636,0.0155844155844156,0.0935064935064935
"13",0.642857142857143,0.666233766233766,0.662337662337662,0.623376623376623,0.52987012987013,0.479220779220779,0.52987012987013,0.848051948051948,0.476623376623377,0.390909090909091,0.411688311688312,0.514285714285714,1,0.533766233766234,0.568831168831169,0.750649350649351,0.757142857142857,0.883116883116883,0.950649350649351,0.574025974025974,0.633766233766234,0.948051948051948,0.58961038961039,0.767532467532468,0.772727272727273,0.477922077922078,0.475324675324675,0.64025974025974,0.91038961038961,0.88051948051948,0.409090909090909,0.475324675324675,0.466233766233766,0.493506493506494,0.51038961038961,0.893506493506493,0.894805194805195,0.428571428571429,0.48961038961039,0.614285714285714,0.854545454545454,0.877922077922078,0.596103896103896,0.775324675324675,0.879220779220779,0.0480519480519481,0.0792207792207792,0.0805194805194805,0.548051948051948,0.566233766233766,0.551948051948052,0.587012987012987,0.287012987012987,0.14025974025974,0.128571428571429,0.493506493506494,0.506493506493506,0.51038961038961,0.563636363636364,0.55974025974026,0.776623376623377,0.163636363636364,0.0883116883116883,0.151948051948052,0.177922077922078,0.250649350649351,0.149350649350649,0.250649350649351,0.255844155844156,0.074025974025974,0.061038961038961,0.157142857142857,0.0376623376623377
"14",0.0818181818181818,0.109090909090909,0.141558441558442,0.155844155844156,0.211688311688312,0.77012987012987,0.894805194805195,0.718181818181818,0.761038961038961,0.781818181818182,0.814285714285714,0.961038961038961,0.533766233766234,1,0.962337662337662,0.851948051948052,0.771428571428571,0.671428571428571,0.512987012987013,0.977922077922078,0.845454545454545,0.48961038961039,0.933766233766234,0.850649350649351,0.832467532467532,0.883116883116883,0.902597402597403,0.920779220779221,0.428571428571429,0.418181818181818,0.811688311688312,0.887012987012987,0.92987012987013,0.945454545454545,0.955844155844156,0.725974025974026,0.436363636363636,0.91038961038961,0.949350649350649,0.953246753246753,0.42987012987013,0.497402597402597,0.588311688311688,0.449350649350649,0.484415584415584,0.0025974025974026,0.115584415584416,0.1,0.845454545454545,0.863636363636364,0.881818181818182,0.931168831168831,-0.0181818181818182,0.120779220779221,0.175324675324675,0.796103896103896,0.796103896103896,0.819480519480519,0.871428571428571,0.87012987012987,0.409090909090909,0.272727272727273,0.266233766233766,0.176623376623377,0.220779220779221,0.437662337662338,0.198701298701299,0.357142857142857,0.338961038961039,0.1,0.0883116883116883,0.0441558441558442,0.0883116883116883
"15",0.0948051948051948,0.131168831168831,0.166233766233766,0.177922077922078,0.188311688311688,0.793506493506493,0.901298701298701,0.77012987012987,0.794805194805195,0.809090909090909,0.842857142857143,0.966233766233766,0.568831168831169,0.962337662337662,1,0.912987012987013,0.853246753246753,0.742857142857143,0.566233766233766,0.967532467532468,0.883116883116883,0.498701298701299,0.983116883116883,0.918181818181818,0.888311688311688,0.922077922077922,0.951948051948052,0.955844155844156,0.474025974025974,0.476623376623377,0.871428571428571,0.928571428571429,0.964935064935065,0.981818181818182,0.981818181818182,0.771428571428571,0.511688311688312,0.954545454545455,0.981818181818182,0.984415584415584,0.467532467532468,0.523376623376623,0.674025974025974,0.524675324675325,0.533766233766234,-0.0194805194805195,0.0805194805194805,0.116883116883117,0.920779220779221,0.941558441558442,0.953246753246753,0.95974025974026,-0.00649350649350649,0.0779220779220779,0.171428571428571,0.872727272727273,0.879220779220779,0.902597402597403,0.942857142857143,0.936363636363636,0.466233766233766,0.32987012987013,0.336363636363636,0.250649350649351,0.261038961038961,0.45974025974026,0.257142857142857,0.390909090909091,0.35974025974026,0.109090909090909,0.106493506493506,0.0831168831168831,0.124675324675325
"16",0.18961038961039,0.222077922077922,0.241558441558442,0.233766233766234,0.246753246753247,0.783116883116883,0.868831168831169,0.898701298701299,0.776623376623377,0.783116883116883,0.8,0.850649350649351,0.750649350649351,0.851948051948052,0.912987012987013,1,0.975324675324675,0.896103896103896,0.731168831168831,0.888311688311688,0.907792207792208,0.664935064935065,0.925974025974026,0.98961038961039,0.988311688311688,0.835064935064935,0.853246753246753,0.950649350649351,0.65974025974026,0.641558441558442,0.806493506493506,0.853246753246753,0.85974025974026,0.876623376623377,0.888311688311688,0.923376623376623,0.690909090909091,0.850649350649351,0.881818181818182,0.922077922077922,0.632467532467533,0.648051948051948,0.683116883116883,0.627272727272727,0.67012987012987,0.0207792207792208,0.101298701298701,0.132467532467532,0.881818181818182,0.9,0.903896103896104,0.911688311688312,0.0805194805194805,0.144155844155844,0.206493506493507,0.818181818181818,0.837662337662338,0.855844155844156,0.893506493506493,0.901298701298701,0.58961038961039,0.411688311688312,0.351948051948052,0.324675324675325,0.283116883116883,0.435064935064935,0.301298701298701,0.394805194805195,0.368831168831169,0.124675324675325,0.112987012987013,0.128571428571429,0.146753246753247
"17",0.192207792207792,0.218181818181818,0.232467532467532,0.212987012987013,0.284415584415584,0.792207792207792,0.846753246753247,0.922077922077922,0.8,0.801298701298701,0.802597402597403,0.768831168831169,0.757142857142857,0.771428571428571,0.853246753246753,0.975324675324675,1,0.906493506493506,0.748051948051948,0.811688311688312,0.851948051948052,0.653246753246753,0.879220779220779,0.962337662337662,0.972727272727273,0.8,0.811688311688312,0.890909090909091,0.685714285714286,0.677922077922078,0.811688311688312,0.822077922077922,0.811688311688312,0.815584415584416,0.828571428571429,0.914285714285714,0.714285714285714,0.802597402597403,0.823376623376623,0.868831168831169,0.598701298701299,0.598701298701299,0.694805194805195,0.637662337662338,0.635064935064935,0.0948051948051948,0.145454545454545,0.183116883116883,0.88051948051948,0.894805194805195,0.88961038961039,0.866233766233766,0.0714285714285714,0.2,0.258441558441558,0.835064935064935,0.851948051948052,0.853246753246753,0.876623376623377,0.896103896103896,0.562337662337662,0.458441558441558,0.350649350649351,0.342857142857143,0.28961038961039,0.438961038961039,0.312987012987013,0.390909090909091,0.358441558441558,0.119480519480519,0.106493506493506,0.111688311688312,0.132467532467532
"18",0.348051948051948,0.380519480519481,0.393506493506494,0.362337662337662,0.32987012987013,0.71038961038961,0.732467532467532,0.898701298701299,0.683116883116883,0.650649350649351,0.657142857142857,0.680519480519481,0.883116883116883,0.671428571428571,0.742857142857143,0.896103896103896,0.906493506493506,1,0.822077922077922,0.714285714285714,0.715584415584416,0.816883116883117,0.774025974025974,0.898701298701299,0.905194805194805,0.661038961038961,0.671428571428571,0.774025974025974,0.827272727272727,0.81038961038961,0.654545454545455,0.676623376623377,0.658441558441558,0.679220779220779,0.684415584415584,0.937662337662338,0.850649350649351,0.650649350649351,0.668831168831169,0.772727272727273,0.715584415584416,0.746753246753247,0.814285714285714,0.807792207792208,0.805194805194805,0.061038961038961,0.133766233766234,0.177922077922078,0.764935064935065,0.777922077922078,0.757142857142857,0.762337662337662,0.190909090909091,0.168831168831169,0.222077922077922,0.71038961038961,0.731168831168831,0.749350649350649,0.776623376623377,0.776623376623377,0.733766233766234,0.290909090909091,0.174025974025974,0.218181818181818,0.249350649350649,0.363636363636364,0.185714285714286,0.335064935064935,0.333766233766234,0.0714285714285714,0.0701298701298701,0.141558441558442,0.0662337662337662
"19",0.649350649350649,0.651948051948052,0.662337662337662,0.609090909090909,0.522077922077922,0.435064935064935,0.485714285714286,0.806493506493506,0.455844155844156,0.37012987012987,0.392207792207792,0.497402597402597,0.950649350649351,0.512987012987013,0.566233766233766,0.731168831168831,0.748051948051948,0.822077922077922,1,0.550649350649351,0.677922077922078,0.944155844155844,0.583116883116883,0.735064935064935,0.719480519480519,0.442857142857143,0.458441558441558,0.64025974025974,0.953246753246753,0.923376623376623,0.398701298701299,0.454545454545455,0.455844155844156,0.479220779220779,0.5,0.874025974025974,0.936363636363636,0.425974025974026,0.485714285714286,0.594805194805195,0.903896103896104,0.906493506493506,0.564935064935065,0.825974025974026,0.907792207792208,0.102597402597403,0.124675324675325,0.0896103896103896,0.525974025974026,0.546753246753247,0.533766233766234,0.545454545454545,0.35974025974026,0.198701298701299,0.168831168831169,0.476623376623377,0.487012987012987,0.488311688311688,0.533766233766234,0.544155844155844,0.824675324675325,0.262337662337662,0.271428571428571,0.307792207792208,0.309090909090909,0.344155844155844,0.350649350649351,0.368831168831169,0.362337662337662,0.332467532467532,0.316883116883117,0.358441558441558,0.298701298701299
"20",0.0922077922077922,0.118181818181818,0.146753246753247,0.153246753246753,0.161038961038961,0.749350649350649,0.88051948051948,0.746753246753247,0.744155844155844,0.768831168831169,0.798701298701299,0.931168831168831,0.574025974025974,0.977922077922078,0.967532467532468,0.888311688311688,0.811688311688312,0.714285714285714,0.550649350649351,1,0.857142857142857,0.515584415584416,0.953246753246753,0.888311688311688,0.868831168831169,0.855844155844156,0.88051948051948,0.955844155844156,0.45974025974026,0.42987012987013,0.798701298701299,0.877922077922078,0.916883116883117,0.941558441558442,0.946753246753247,0.771428571428571,0.472727272727273,0.905194805194805,0.955844155844156,0.967532467532468,0.457142857142857,0.523376623376623,0.588311688311688,0.475324675324675,0.525974025974026,-0.0493506493506493,0.0675324675324675,0.087012987012987,0.858441558441558,0.884415584415584,0.903896103896104,0.955844155844156,-0.0415584415584416,0.0714285714285714,0.150649350649351,0.8,0.809090909090909,0.832467532467532,0.896103896103896,0.893506493506493,0.458441558441558,0.285714285714286,0.28961038961039,0.21038961038961,0.27012987012987,0.464935064935065,0.232467532467532,0.38961038961039,0.37012987012987,0.106493506493506,0.1,0.0961038961038961,0.11038961038961
"21",0.12987012987013,0.149350649350649,0.163636363636364,0.168831168831169,0.135064935064935,0.653246753246753,0.780519480519481,0.728571428571429,0.744155844155844,0.718181818181818,0.749350649350649,0.854545454545454,0.633766233766234,0.845454545454545,0.883116883116883,0.907792207792208,0.851948051948052,0.715584415584416,0.677922077922078,0.857142857142857,1,0.567532467532468,0.854545454545454,0.890909090909091,0.874025974025974,0.822077922077922,0.84025974025974,0.944155844155844,0.55974025974026,0.527272727272727,0.764935064935065,0.841558441558442,0.853246753246753,0.872727272727273,0.88961038961039,0.832467532467532,0.579220779220779,0.844155844155844,0.868831168831169,0.861038961038961,0.607792207792208,0.606493506493507,0.485714285714286,0.507792207792208,0.61038961038961,-0.0727272727272727,-0.012987012987013,-0.074025974025974,0.774025974025974,0.792207792207792,0.812987012987013,0.819480519480519,-0.0415584415584416,0.0584415584415584,0.0493506493506493,0.727272727272727,0.728571428571429,0.746753246753247,0.776623376623377,0.78961038961039,0.498701298701299,0.358441558441558,0.433766233766234,0.32987012987013,0.22987012987013,0.361038961038961,0.37012987012987,0.336363636363636,0.305194805194805,0.246753246753247,0.237662337662338,0.150649350649351,0.275324675324675
"22",0.685714285714286,0.67012987012987,0.680519480519481,0.625974025974026,0.546753246753247,0.406493506493507,0.435064935064935,0.762337662337662,0.368831168831169,0.296103896103896,0.336363636363636,0.453246753246753,0.948051948051948,0.48961038961039,0.498701298701299,0.664935064935065,0.653246753246753,0.816883116883117,0.944155844155844,0.515584415584416,0.567532467532468,1,0.514285714285714,0.671428571428571,0.662337662337662,0.367532467532468,0.374025974025974,0.562337662337662,0.95974025974026,0.935064935064935,0.301298701298701,0.375324675324675,0.380519480519481,0.405194805194805,0.420779220779221,0.845454545454545,0.932467532467532,0.351948051948052,0.41038961038961,0.527272727272727,0.932467532467532,0.957142857142857,0.597402597402597,0.827272727272727,0.944155844155844,0.106493506493506,0.158441558441558,0.102597402597403,0.448051948051948,0.461038961038961,0.445454545454545,0.505194805194805,0.411688311688312,0.212987012987013,0.17012987012987,0.390909090909091,0.396103896103896,0.41038961038961,0.467532467532468,0.466233766233766,0.841558441558442,0.109090909090909,0.119480519480519,0.17012987012987,0.275324675324675,0.284415584415584,0.205194805194805,0.325974025974026,0.346753246753247,0.262337662337662,0.248051948051948,0.351948051948052,0.207792207792208
"23",0.0857142857142857,0.115584415584416,0.148051948051948,0.153246753246753,0.209090909090909,0.750649350649351,0.87012987012987,0.78961038961039,0.775324675324675,0.785714285714286,0.820779220779221,0.927272727272727,0.58961038961039,0.933766233766234,0.983116883116883,0.925974025974026,0.879220779220779,0.774025974025974,0.583116883116883,0.953246753246753,0.854545454545454,0.514285714285714,1,0.932467532467532,0.906493506493506,0.903896103896104,0.933766233766234,0.951948051948052,0.501298701298701,0.507792207792208,0.867532467532467,0.91038961038961,0.942857142857143,0.957142857142857,0.964935064935065,0.785714285714286,0.545454545454545,0.937662337662338,0.971428571428571,0.983116883116883,0.450649350649351,0.51038961038961,0.707792207792208,0.541558441558442,0.536363636363636,0.00779220779220779,0.109090909090909,0.17012987012987,0.941558441558442,0.95974025974026,0.97012987012987,0.977922077922078,0.0298701298701299,0.105194805194805,0.216883116883117,0.887012987012987,0.9,0.920779220779221,0.963636363636364,0.962337662337662,0.48961038961039,0.377922077922078,0.371428571428571,0.296103896103896,0.323376623376623,0.496103896103896,0.28961038961039,0.437662337662338,0.41038961038961,0.122077922077922,0.105194805194805,0.131168831168831,0.14025974025974
"24",0.205194805194805,0.250649350649351,0.271428571428571,0.262337662337662,0.257142857142857,0.764935064935065,0.861038961038961,0.9,0.748051948051948,0.744155844155844,0.767532467532468,0.858441558441558,0.767532467532468,0.850649350649351,0.918181818181818,0.98961038961039,0.962337662337662,0.898701298701299,0.735064935064935,0.888311688311688,0.890909090909091,0.671428571428571,0.932467532467532,1,0.98961038961039,0.835064935064935,0.853246753246753,0.953246753246753,0.661038961038961,0.642857142857143,0.792207792207792,0.844155844155844,0.858441558441558,0.876623376623377,0.884415584415584,0.922077922077922,0.7,0.842857142857143,0.879220779220779,0.933766233766234,0.636363636363636,0.657142857142857,0.684415584415584,0.631168831168831,0.668831168831169,-0.0168831168831169,0.0597402597402597,0.105194805194805,0.884415584415584,0.907792207792208,0.911688311688312,0.918181818181818,0.0597402597402597,0.0909090909090909,0.15974025974026,0.822077922077922,0.844155844155844,0.85974025974026,0.902597402597403,0.898701298701299,0.597402597402597,0.374025974025974,0.297402597402597,0.275324675324675,0.254545454545455,0.406493506493507,0.246753246753247,0.367532467532468,0.342857142857143,0.0688311688311688,0.061038961038961,0.0909090909090909,0.087012987012987
"25",0.194805194805195,0.235064935064935,0.245454545454545,0.241558441558442,0.276623376623377,0.780519480519481,0.867532467532467,0.909090909090909,0.777922077922078,0.772727272727273,0.78961038961039,0.828571428571429,0.772727272727273,0.832467532467532,0.888311688311688,0.988311688311688,0.972727272727273,0.905194805194805,0.719480519480519,0.868831168831169,0.874025974025974,0.662337662337662,0.906493506493506,0.98961038961039,1,0.835064935064935,0.838961038961039,0.933766233766234,0.642857142857143,0.624675324675325,0.801298701298701,0.844155844155844,0.842857142857143,0.855844155844156,0.866233766233766,0.922077922077922,0.671428571428571,0.82987012987013,0.857142857142857,0.91038961038961,0.606493506493507,0.624675324675325,0.666233766233766,0.58961038961039,0.64025974025974,0.00519480519480519,0.0714285714285714,0.109090909090909,0.879220779220779,0.896103896103896,0.898701298701299,0.907792207792208,0.0441558441558442,0.116883116883117,0.168831168831169,0.823376623376623,0.842857142857143,0.854545454545454,0.888311688311688,0.88961038961039,0.551948051948052,0.37012987012987,0.268831168831169,0.25974025974026,0.223376623376623,0.380519480519481,0.219480519480519,0.336363636363636,0.314285714285714,0.0116883116883117,-0.0012987012987013,0.0285714285714286,0.0233766233766234
"26",0.0415584415584416,0.0766233766233766,0.0831168831168831,0.119480519480519,0.258441558441558,0.780519480519481,0.861038961038961,0.694805194805195,0.858441558441558,0.831168831168831,0.87012987012987,0.914285714285714,0.477922077922078,0.883116883116883,0.922077922077922,0.835064935064935,0.8,0.661038961038961,0.442857142857143,0.855844155844156,0.822077922077922,0.367532467532468,0.903896103896104,0.835064935064935,0.835064935064935,1,0.990909090909091,0.861038961038961,0.335064935064935,0.385714285714286,0.955844155844156,0.983116883116883,0.976623376623377,0.964935064935065,0.961038961038961,0.677922077922078,0.377922077922078,0.972727272727273,0.942857142857143,0.892207792207792,0.305194805194805,0.366233766233766,0.650649350649351,0.377922077922078,0.371428571428571,-0.0103896103896104,0.0428571428571429,0.0571428571428571,0.922077922077922,0.915584415584416,0.925974025974026,0.907792207792208,-0.0649350649350649,0.038961038961039,0.106493506493506,0.922077922077922,0.901298701298701,0.907792207792208,0.898701298701299,0.907792207792208,0.274025974025974,0.238961038961039,0.222077922077922,0.123376623376623,0.0506493506493506,0.274025974025974,0.118181818181818,0.188311688311688,0.15974025974026,-0.0922077922077922,-0.111688311688312,-0.158441558441558,-0.0701298701298701
"27",0.0402597402597403,0.0766233766233766,0.0948051948051948,0.123376623376623,0.218181818181818,0.785714285714286,0.868831168831169,0.71038961038961,0.841558441558442,0.828571428571429,0.867532467532467,0.936363636363636,0.475324675324675,0.902597402597403,0.951948051948052,0.853246753246753,0.811688311688312,0.671428571428571,0.458441558441558,0.88051948051948,0.84025974025974,0.374025974025974,0.933766233766234,0.853246753246753,0.838961038961039,0.990909090909091,1,0.883116883116883,0.355844155844156,0.4,0.944155844155844,0.975324675324675,0.983116883116883,0.980519480519481,0.979220779220779,0.685714285714286,0.403896103896104,0.979220779220779,0.963636363636364,0.920779220779221,0.32987012987013,0.388311688311688,0.666233766233766,0.412987012987013,0.394805194805195,-0.0233766233766234,0.0467532467532468,0.074025974025974,0.925974025974026,0.927272727272727,0.938961038961039,0.918181818181818,-0.0623376623376623,0.0376623376623377,0.124675324675325,0.911688311688312,0.896103896103896,0.909090909090909,0.914285714285714,0.922077922077922,0.311688311688312,0.264935064935065,0.261038961038961,0.155844155844156,0.0909090909090909,0.311688311688312,0.153246753246753,0.228571428571429,0.194805194805195,-0.0220779220779221,-0.038961038961039,-0.0857142857142857,0.0116883116883117
"28",0.0974025974025974,0.12987012987013,0.154545454545455,0.153246753246753,0.145454545454545,0.728571428571429,0.862337662337662,0.794805194805195,0.749350649350649,0.748051948051948,0.777922077922078,0.91038961038961,0.64025974025974,0.920779220779221,0.955844155844156,0.950649350649351,0.890909090909091,0.774025974025974,0.64025974025974,0.955844155844156,0.944155844155844,0.562337662337662,0.951948051948052,0.953246753246753,0.933766233766234,0.861038961038961,0.883116883116883,1,0.536363636363636,0.497402597402597,0.806493506493506,0.879220779220779,0.906493506493506,0.92987012987013,0.938961038961039,0.849350649350649,0.564935064935065,0.897402597402597,0.938961038961039,0.958441558441558,0.546753246753247,0.577922077922078,0.568831168831169,0.507792207792208,0.580519480519481,-0.074025974025974,0.0142857142857143,0.0194805194805195,0.85974025974026,0.888311688311688,0.909090909090909,0.933766233766234,-0.0649350649350649,0.0480519480519481,0.0961038961038961,0.801298701298701,0.815584415584416,0.835064935064935,0.885714285714286,0.887012987012987,0.494805194805195,0.350649350649351,0.37012987012987,0.28961038961039,0.263636363636364,0.420779220779221,0.305194805194805,0.371428571428571,0.345454545454545,0.137662337662338,0.125974025974026,0.115584415584416,0.180519480519481
"29",0.585714285714286,0.568831168831169,0.587012987012987,0.511688311688312,0.450649350649351,0.411688311688312,0.416883116883117,0.757142857142857,0.396103896103896,0.327272727272727,0.353246753246753,0.409090909090909,0.91038961038961,0.428571428571429,0.474025974025974,0.65974025974026,0.685714285714286,0.827272727272727,0.953246753246753,0.45974025974026,0.55974025974026,0.95974025974026,0.501298701298701,0.661038961038961,0.642857142857143,0.335064935064935,0.355844155844156,0.536363636363636,1,0.97012987012987,0.324675324675325,0.35974025974026,0.354545454545455,0.371428571428571,0.38961038961039,0.84025974025974,0.984415584415584,0.331168831168831,0.376623376623377,0.498701298701299,0.905194805194805,0.907792207792208,0.64025974025974,0.9,0.925974025974026,0.122077922077922,0.161038961038961,0.11038961038961,0.457142857142857,0.472727272727273,0.449350649350649,0.467532467532468,0.402597402597403,0.215584415584416,0.18961038961039,0.41038961038961,0.418181818181818,0.423376623376623,0.467532467532468,0.483116883116883,0.879220779220779,0.206493506493507,0.185714285714286,0.224675324675325,0.315584415584416,0.314285714285714,0.272727272727273,0.353246753246753,0.362337662337662,0.394805194805195,0.384415584415584,0.461038961038961,0.333766233766234
"30",0.620779220779221,0.596103896103896,0.612987012987013,0.550649350649351,0.571428571428571,0.403896103896104,0.396103896103896,0.745454545454545,0.409090909090909,0.338961038961039,0.374025974025974,0.403896103896104,0.88051948051948,0.418181818181818,0.476623376623377,0.641558441558442,0.677922077922078,0.81038961038961,0.923376623376623,0.42987012987013,0.527272727272727,0.935064935064935,0.507792207792208,0.642857142857143,0.624675324675325,0.385714285714286,0.4,0.497402597402597,0.97012987012987,1,0.374025974025974,0.398701298701299,0.392207792207792,0.38961038961039,0.406493506493507,0.818181818181818,0.974025974025974,0.367532467532468,0.4,0.481818181818182,0.866233766233766,0.874025974025974,0.716883116883117,0.894805194805195,0.890909090909091,0.219480519480519,0.249350649350649,0.211688311688312,0.511688311688312,0.509090909090909,0.480519480519481,0.481818181818182,0.475324675324675,0.290909090909091,0.290909090909091,0.476623376623377,0.474025974025974,0.474025974025974,0.502597402597403,0.518181818181818,0.831168831168831,0.220779220779221,0.196103896103896,0.245454545454545,0.336363636363636,0.341558441558442,0.280519480519481,0.387012987012987,0.396103896103896,0.349350649350649,0.338961038961039,0.405194805194805,0.279220779220779
